0 0.3720701944440744 0.3436769931170988 0.20415395407749282 0.09727554250907655
0 0.30709606380268883 0.3901898957788372 0.3459563238318187 0.3043770711779885
0 0.13324938684308468 0.36906035920125974 0.07194920783841652 0.05911501482874755
0 0.15588891646825584 0.42304486364988403 0.022738818025830908 0.03057883794672147
0 0.30188337806759613 0.45240339429596244 0.21384720282385156 0.10859504448624283
0 0.3547332449189281 0.5255663216722801 0.024119461599340218 0.02439250494291585
0 0.563477759104693 0.5660652821661343 0.057341138558944314 0.03979201186299815
0 0.4251055808914477 0.5573057530029306 0.31373955423577743 0.16260606524648935
0 0.6140831643566849 0.6157270425462575 0.10327341567683312 0.1165746877564409
0 0.6973108529947714 0.6870064763483659 0.296915767088759 0.1744057282883512
0 0.8488566326199425 0.7462435079830275 0.1679844365265155 0.2487452006080222
0 0.9409592160851797 0.8007174437623021 0.09547763605166182 0.06319501977166349