0 0.775 0.12076491988758183 0.15 0.11704953163466159
0 0.0609375 0.2647044871484187 0.0640625 0.22292284684397004
0 0.18359375 0.451894127947159 0.240625 0.31917971741393636
0 0.7875 0.4054118339180267 0.1796875 0.5260717045623551
0 0.3765625 0.5018437539171516 0.246875 0.23505938539871388
0 0.42265625 0.5890280775294171 0.2625 0.33100855536065765
0 0.178125 0.6528982124338394 0.0265625 0.04170733893530461
0 0.44296875 0.80226290657889 0.13125 0.13034802768032883
0 0.3046875 0.9094599357420936 0.028125 0.06833350593149916
0 0.4328125 0.9393954920541535 0.04375 0.034595175893442943
0 0.38984375 0.9489588344494994 0.0421875 0.03296900889724839