0 0.834375 0.303125 0.165625 0.15625
0 0.528125 0.4 0.46875 0.1
0 0.54453125 0.43828125 0.4546875 0.1046875
0 0.8359375 0.45625 0.084375 0.065625
0 0.715625 0.54609375 0.16875 0.2984375
0 0.13046875 0.56875 0.2484375 0.053125
0 0.79765625 0.58046875 0.0828125 0.0515625
0 0.53046875 0.60390625 0.3296875 0.1015625
0 0.1765625 0.66171875 0.346875 0.1171875
0 0.70625 0.68984375 0.06875 0.0546875
0 0.321875 0.7015625 0.125 0.09375
0 0.14609375 0.7671875 0.2796875 0.046875
0 0.70546875 0.7765625 0.0421875 0.03125