0 0.3467882422802697 0.3690934871855998 0.1992758029025577 0.07677204152049333
0 0.29263894482000763 0.4269577253226017 0.32317463828925297 0.27373456623507264
0 0.11977436369448165 0.43629693874502423 0.06737103847458739 0.052674013840164416
0 0.15190730661557272 0.48519469517081487 0.021294646641955416 0.028952670950527094
0 0.2987277429132419 0.4896168928130876 0.2090327488188736 0.08809154349765969
0 0.3633557273041453 0.5531010726608633 0.021021828130301134 0.021140170950527094
0 0.5733755680483181 0.557758033649009 0.05577877404661713 0.03347834486680377
0 0.43661217802978475 0.5732490879839025 0.3042014050794759 0.1325365632693231
0 0.630962378755424 0.598331295512007 0.0927182680561673 0.10831651878308027
0 0.7249777627835078 0.6544313982874762 0.28750497840045347 0.14589872631118475
0 0.8829365957231323 0.6873924314050125 0.14713792794496677 0.2369163626613009
0 0.968571473042976 0.7257147851690647 0.06285705391404797 0.05506418479069151