0 0.7461128188837607 0.11613730623333271 0.15975073620994634 0.12394925911805572
0 0.039850278602639136 0.29738283985576386 0.07970055720527827 0.22372974715020835
0 0.16722432310690288 0.4778126094230554 0.268786070070895 0.32947452013597245
0 0.7706735835317442 0.398967336818541 0.2293839039318435 0.5315448599917364
0 0.3628263281214678 0.5169802929343053 0.2663310083132703 0.24509952013597242
0 0.4126695522572203 0.6016994786297566 0.2925872829238765 0.3425200340036808
0 0.1699986674591997 0.6776125876715623 0.030915030878812377 0.04287848423243048
0 0.4416654158098471 0.8125999578281942 0.1429269490629279 0.13604921561506975
0 0.30718746423963667 0.9265923354873606 0.03481292069139794 0.06951371941479181
0 0.4368833244270512 0.9501181416237843 0.04635817445232178 0.03699216014423605
0 0.3943775756806923 0.9620375665856592 0.04475021034569906 0.03539329255305575