0 0.19759820442767673 0.2631578826931599 0.18697380093507646 0.18245274335048628
0 0.48824645120622295 0.4081853208571532 0.4790794877033598 0.1751909829012504
0 0.4673617794650541 0.44363185837621566 0.46503516842151915 0.17798867458062534
0 0.17582371925839965 0.4141930526210418 0.0926329275949013 0.07870818787965281
0 0.2826873184962738 0.5221347988213196 0.21122943325224205 0.3236232572181947
0 0.8598543273750684 0.6394606899669452 0.25363406010845857 0.09339154977125012
0 0.1968816287029283 0.5427908313063889 0.0894261143631847 0.0645729526972918
0 0.4589503575274936 0.6090386528291323 0.34147949375348413 0.15480313487736144
0 0.8017605471244474 0.7240344052976743 0.36032948770335976 0.17242704597152797
0 0.2733673815315987 0.665648409478646 0.07537270472226432 0.06580814437666671
0 0.6526508814334029 0.7393113003399311 0.1381454154946528 0.114137848023889
0 0.8180173270804808 0.8329918312094797 0.28331246974937907 0.09252003400368088
0 0.2621486012809776 0.7513131525447918 0.04709316861791084 0.038591027735416714