0 0.775831228914097 0.2691998035529287 0.20127547853284736 0.19823210049533807
0 0.4954683156357288 0.41959994809519197 0.48441528685347246 0.22546680438149824
0 0.5196864124253469 0.4543580918088857 0.4719516544446529 0.22644710752465133
0 0.8082956239563538 0.4200923695163635 0.0988024823325695 0.08732452564056317
0 0.7087657898001731 0.5296428438758003 0.238887194147917 0.3388956418516669
0 0.14033983206888836 0.6572410734070327 0.25719686379145845 0.11967476095825483
0 0.7959021138883676 0.5493432218737283 0.09378767401194459 0.07304370181924558
0 0.5392871315557981 0.6202934609154734 0.3477868026210418 0.1894479135632885
0 0.20409190112308967 0.7407663569054789 0.3685357137152085 0.2091439834556649
0 0.7288938390027425 0.672921962982388 0.08128767401194459 0.07246150496239885
0 0.35472768075836747 0.754039106491194 0.1449514369297223 0.12537248924663302
0 0.19607741974045068 0.8498866457806085 0.2853218637914584 0.12098470388616027
0 0.7456618052834022 0.7589515082676584 0.049383057370694414 0.04288101282028158