0 0.8743470612836752 0.3104229860854734 0.19198386137453208 0.18244903855474384
0 0.5610115796010409 0.38190930281483776 0.48631371551297525 0.1757321008354838
0 0.5748593956344143 0.42205680034337983 0.4724149898232346 0.1782840978697342
0 0.8651435589088259 0.4634670730436118 0.0961180834462283 0.07875635277546902
0 0.7385644487774892 0.5430020172258434 0.2197480924913396 0.3254642095052709
0 0.153172503390902 0.5175310568063515 0.25590251922187685 0.09306288638729701
0 0.8182419826986871 0.5843817509142211 0.09225609905006031 0.06456651878308026
0 0.5497819097679086 0.5859256407615592 0.3464323439616777 0.15444073817418288
0 0.20130014416407635 0.6142177144110057 0.34577060266810494 0.1715645711779885
0 0.7186314863167318 0.6855224396592453 0.07827548620519006 0.06555601581733086
0 0.33397652532631233 0.6659646037268713 0.14158771370395282 0.11335152866891214
0 0.16673811566994537 0.7166224728139626 0.2620706320667471 0.09175505437207469
0 0.7121977798488681 0.771905608632606 0.04719590456798421 0.03778384288963732