0 0.19636293669004493 0.25078869863941033 0.1906364569792891 0.18186926002545337
0 0.4805725211066137 0.3912024239338212 0.4811250892845374 0.17743848806490609
0 0.45808386648023103 0.42661321260345747 0.46867963636243815 0.18041803739654244
0 0.1679497901813371 0.40186994064291015 0.09511367694751698 0.07921588001272664
0 0.2707554159937636 0.5084642912953654 0.21968084902377 0.3243658426957259
0 0.842983197650389 0.6158451512174145 0.2547068652591197 0.09357037603436211
0 0.18444972321793407 0.5305580146403649 0.09174321509696393 0.06511701734563573
0 0.44347412135149494 0.5923745726050482 0.34483303327818293 0.1555442120464523
0 0.7821354265470705 0.7009110418921413 0.3639103157455871 0.17451238804899774
0 0.2549650004103324 0.6523688326305017 0.07768071509696392 0.06495338534372674
0 0.6318490543880919 0.719062699912504 0.13946369480442442 0.11409995735199914
0 0.7935075288205468 0.8101315005570051 0.28439436525911965 0.09391582137172563
0 0.2409785925375388 0.7376705332988653 0.0475295649348082 0.03804544000636341